426030
55343
421152
361760
455392
937353
987910
149230
151272
800444
188523
510784
335115
693625
193189
100188
395037
523595
488009
227943
903311
528043
980083
81990
499849
244697
504202
480767
620987
504977
562145
724278
929744
129413
341540
925217
321507
202389
999928
348284
397362
34966
382220
559383
366174
369420
362668
461694
618379
979037
946204
993653
950362
304549
414457
912020
153223
830635
834513
414949
751472
229469
981491
551713
333189
698101
960160
517807
249204
357463
758377
828020
303705
657092
134212
156131
961798
720862
611703
368229
677059
785440
320739
439708
20037
457519
335334
283882
241112
287838
747786
547750
878424
376814
33016
256464
791216
486443
37907
56166
865327
881654
2653
486505
971041
783706
768368
959797
810564
71432
80613
904888
210077
20510
919475
203111
105413
287905
394431
697280
819440
649170
676727
575586
436077
974956
741592
734998
694777
147238
601970
706944
278272
876509
415706
255393
162658
714182
6691
864997
810619
118360
954308
15613
781689
284123
512348
955559
264985
491818
395625
562293
986988
389399
887967
377257
62009
570812
259406
272795
477023
737932
605219
716337
26688
786656
294050
521435
249345
625776
99775
885106
827567
937066
790587
701695
632972
325993
378794
350380
920163
929544
390436
101206
453411
924746
483752
167723
51603
75964
751655
816791
546356
332374
679
484165
249358
252880
719283
227390
922938
261880
129422
847107
577923
654856
214684
737522
202272
179430
762011
8803
565389
886319
416813
513785
84206
388013
291795
995936
604010
790246
467643
593801
760578
878891
700098
432715
933081
311678
118491
787464
4351
779557
515496
419974
267520
213617
427309
409468
316957
755419
260
810948
372418
584491
751144
681384
311477
331644
917548
622203
865750
73455
188362
299665
714657
761381
11531
635771
502464
110535
639702
901724
614695
648215
258278
564486
583775
991578
337546
144425
892983
768565
377135
118819
47702
964546
976782
967822
887925
941754
564767
333937
721519
464751
657567
376729
245745
292757
952904
306156
666840
415381
64850
366546
866346
84627
131538
265513
86392
852149
249312
141415
409627
298586
616613
292124
374073
412985
885262
763865
747990
212538
535703
862586
142652
835759
223787
958564
875257
777644
288875
659135
570116
96068
758151
283082
495700
71857
942821
635384
133310
255184
921018
686967
744617
888257
49584
366510
219751
720586
352653
378632
408524
120097
888408
732412
520853
615688
562304
258514
316310
474364
116616
455325
733438
782735
846092
97004
40477
743592
113421
575768
439960
695663
685198
178645
318800
493339
18837
633322
144117
489302
265745
163204
389451
729359
234196
783604
182228
119337
975090
477044
624921
784673
375594
67419
361892
991626
761669
162258
787794
994227
469487
478088
918529
454565
637478
862334
33499
720636
727863
851671
201060
497932
34593
384773
593329
398915
945435
15880
828809
71078
645390
228627
605845
991964
44465
976549
306194
194520
265601
952143
937173
817252
800979
233031
818720
449684
193587
608322
799056
937069
641596
758266
71093
336353
505970
97075
807264
50958
207282
138188
307184
925065
353540
190174
273827
969707
596358
815678
617745
809909
664297
987954
317834
359284
74679
395844
262745
620570
636276
418208
439758
247940
350886
651925
550780
754324
365631
518628
568435
967151
170362
776187
648872
475392
628712
79743
595833
656483
755056
413633
830915
183060
510273
532234
314472
771110
57671
378473
218680
427849
163365
373072
34909
670816
140901
145385
809711
572208
628119
399713
905055
120301
379357
681883
973173
631965
236537
740480
537942
801472
842836
834744
549337
52837
194332
828982
460485
835723
674721
142227
395371
298928
465735
183710
458159
744626
7507
235811
535177
975549
224928
669582
487932
556822
484401
674937
975850
719734
521340
433149
464074
628184
901340
208345
845736
480860
828943
340022
577820
332312
710805
537904
107229
179252
110199
195071
589183
917811
186083
926309
5430
120360
695838
709377
326741
281296
393824
526563
946652
126196
236223
237475
986941
591317
191109
962375
313245
16845
359919
85557
395540
359651
159575
896774
724633
549564
149042
981758
133693
727413
502863
553349
623805
159236
668009
354086
